0,273
0,270
72,35
10,114
10,170
10,310
10,110
10,78
10,284
10,118
10,144
11,5
11,24
11,19
11,21
11,25
11,26
8,13
8,5
8,15
8,6
2,3
70,4
70,3
70,2
70,1
70,0
60,4
60,3
60,2
60,1
60,0
56,3
56,2
56,1
56,0
20,3
20,2
20,1
19,3
19,2
19,1
18,3
18,1
17,3
17,2
17,1
16,3
16,2
16,1
15,3
15,2
15,1
14,3
14,2
14,1
13,3
13,1
12,3
12,2
12,1
11,30
11,22
11,17
11,13
11,11
11,8
11,7
11,3
11,2
11,1
10,316
10,269
10,233
10,231
10,224
10,219
10,197
10,168
10,139
10,137
10,120
10,70
10,31
10,30
10,8
10,3
10,2
10,1
9,7
9,6
9,5
9,4
9,3
9,2
